# n_faults
#-------------------------------------------------------------------------------
1
#-------------------------------------------------------------------------------
# n   O_lat   O_lon    O_depth length  width strike dip   np_st np_di start_time
# [-] [deg]   [deg]    [km]    [km]     [km] [deg]  [deg] [-]   [-]   [day]
#     pos_s   pos_d    slp_stk slp_dip open
#     [km]    [km]     [m]     [m]     [m]
#-------------------------------------------------------------------------------
   1  -25.6959  129.9465    0.0000   27.0000    8.0000   312.0000   22.0000  34  10 0.00
        0.4000    0.4000    0.0000   -0.0000    0.0000
        0.4000    1.2000    0.0000   -0.0000    0.0000
        0.4000    2.0000    0.0001   -0.0000    0.0000
        0.4000    2.8000    0.0000   -0.0000    0.0000
        0.4000    3.6000    0.0000   -0.0000    0.0000
        0.4000    4.4000    0.0000   -0.0000    0.0000
        0.4000    5.2000    0.0000   -0.0000    0.0000
        0.4000    6.0000    0.0000   -0.0000    0.0000
        0.4000    6.8000    0.0000   -0.0000    0.0000
        0.4000    7.6000    0.0000   -0.0000    0.0000
        1.2000    0.4000    0.0257   -0.0000    0.0000
        1.2000    1.2000    0.0259   -0.0040    0.0000
        1.2000    2.0000    0.0235   -0.0076    0.0000
        1.2000    2.8000    0.0179   -0.0072    0.0000
        1.2000    3.6000    0.0114   -0.0041    0.0000
        1.2000    4.4000    0.0057   -0.0011    0.0000
        1.2000    5.2000    0.0020   -0.0000    0.0000
        1.2000    6.0000    0.0003   -0.0000    0.0000
        1.2000    6.8000    0.0000   -0.0000    0.0000
        1.2000    7.6000    0.0000   -0.0000    0.0000
        2.0000    0.4000    0.0565   -0.0056    0.0000
        2.0000    1.2000    0.0568   -0.0153    0.0000
        2.0000    2.0000    0.0499   -0.0213    0.0000
        2.0000    2.8000    0.0372   -0.0180    0.0000
        2.0000    3.6000    0.0235   -0.0098    0.0000
        2.0000    4.4000    0.0123   -0.0028    0.0000
        2.0000    5.2000    0.0052   -0.0000    0.0000
        2.0000    6.0000    0.0015   -0.0000    0.0000
        2.0000    6.8000    0.0003   -0.0000    0.0000
        2.0000    7.6000    0.0000   -0.0000    0.0000
        2.8000    0.4000    0.1000   -0.0310    0.0000
        2.8000    1.2000    0.0976   -0.0446    0.0000
        2.8000    2.0000    0.0818   -0.0467    0.0000
        2.8000    2.8000    0.0593   -0.0346    0.0000
        2.8000    3.6000    0.0380   -0.0178    0.0000
        2.8000    4.4000    0.0219   -0.0049    0.0000
        2.8000    5.2000    0.0115   -0.0000    0.0000
        2.8000    6.0000    0.0055   -0.0000    0.0000
        2.8000    6.8000    0.0022   -0.0000    0.0000
        2.8000    7.6000    0.0000   -0.0000    0.0000
        3.6000    0.4000    0.1629   -0.0890    0.0000
        3.6000    1.2000    0.1495   -0.0952    0.0000
        3.6000    2.0000    0.1203   -0.0833    0.0000
        3.6000    2.8000    0.0872   -0.0566    0.0000
        3.6000    3.6000    0.0590   -0.0282    0.0000
        3.6000    4.4000    0.0384   -0.0081    0.0000
        3.6000    5.2000    0.0245   -0.0000    0.0000
        3.6000    6.0000    0.0147   -0.0000    0.0000
        3.6000    6.8000    0.0070   -0.0000    0.0000
        3.6000    7.6000    0.0000   -0.0000    0.0000
        4.4000    0.4000    0.2257   -0.1466    0.0000
        4.4000    1.2000    0.2048   -0.1477    0.0000
        4.4000    2.0000    0.1664   -0.1235    0.0000
        4.4000    2.8000    0.1260   -0.0836    0.0000
        4.4000    3.6000    0.0926   -0.0447    0.0000
        4.4000    4.4000    0.0677   -0.0171    0.0000
        4.4000    5.2000    0.0485   -0.0035    0.0000
        4.4000    6.0000    0.0320   -0.0000    0.0000
        4.4000    6.8000    0.0161   -0.0000    0.0000
        4.4000    7.6000    0.0000   -0.0000    0.0000
        5.2000    0.4000    0.2873   -0.1921    0.0000
        5.2000    1.2000    0.2651   -0.1964    0.0000
        5.2000    2.0000    0.2241   -0.1689    0.0000
        5.2000    2.8000    0.1810   -0.1226    0.0000
        5.2000    3.6000    0.1441   -0.0774    0.0000
        5.2000    4.4000    0.1135   -0.0432    0.0000
        5.2000    5.2000    0.0859   -0.0219    0.0000
        5.2000    6.0000    0.0584   -0.0106    0.0000
        5.2000    6.8000    0.0297   -0.0044    0.0000
        5.2000    7.6000    0.0000   -0.0000    0.0000
        6.0000    0.4000    0.3530   -0.2525    0.0000
        6.0000    1.2000    0.3319   -0.2548    0.0000
        6.0000    2.0000    0.2946   -0.2287    0.0000
        6.0000    2.8000    0.2535   -0.1832    0.0000
        6.0000    3.6000    0.2137   -0.1356    0.0000
        6.0000    4.4000    0.1749   -0.0948    0.0000
        6.0000    5.2000    0.1347   -0.0628    0.0000
        6.0000    6.0000    0.0921   -0.0380    0.0000
        6.0000    6.8000    0.0469   -0.0178    0.0000
        6.0000    7.6000    0.0001   -0.0000    0.0000
        6.8000    0.4000    0.4170   -0.3088    0.0000
        6.8000    1.2000    0.4052   -0.3256    0.0000
        6.8000    2.0000    0.3767   -0.3123    0.0000
        6.8000    2.8000    0.3388   -0.2743    0.0000
        6.8000    3.6000    0.2944   -0.2264    0.0000
        6.8000    4.4000    0.2441   -0.1770    0.0000
        6.8000    5.2000    0.1880   -0.1289    0.0000
        6.8000    6.0000    0.1277   -0.0833    0.0000
        6.8000    6.8000    0.0647   -0.0405    0.0000
        6.8000    7.6000    0.0005   -0.0000    0.0000
        7.6000    0.4000    0.4876   -0.4061    0.0000
        7.6000    1.2000    0.4807   -0.4305    0.0000
        7.6000    2.0000    0.4581   -0.4301    0.0000
        7.6000    2.8000    0.4209   -0.4012    0.0000
        7.6000    3.6000    0.3692   -0.3523    0.0000
        7.6000    4.4000    0.3049   -0.2899    0.0000
        7.6000    5.2000    0.2323   -0.2186    0.0000
        7.6000    6.0000    0.1559   -0.1441    0.0000
        7.6000    6.8000    0.0785   -0.0709    0.0000
        7.6000    7.6000    0.0008   -0.0000    0.0000
        8.4000    0.4000    0.5119   -0.4965    0.0000
        8.4000    1.2000    0.5146   -0.5411    0.0000
        8.4000    2.0000    0.5005   -0.5601    0.0000
        8.4000    2.8000    0.4643   -0.5436    0.0000
        8.4000    3.6000    0.4058   -0.4934    0.0000
        8.4000    4.4000    0.3311   -0.4144    0.0000
        8.4000    5.2000    0.2486   -0.3153    0.0000
        8.4000    6.0000    0.1649   -0.2084    0.0000
        8.4000    6.8000    0.0824   -0.1027    0.0000
        8.4000    7.6000    0.0008   -0.0002    0.0000
        9.2000    0.4000    0.4987   -0.5709    0.0000
        9.2000    1.2000    0.5041   -0.6269    0.0000
        9.2000    2.0000    0.4908   -0.6665    0.0000
        9.2000    2.8000    0.4503   -0.6630    0.0000
        9.2000    3.6000    0.3857   -0.6101    0.0000
        9.2000    4.4000    0.3081   -0.5139    0.0000
        9.2000    5.2000    0.2279   -0.3895    0.0000
        9.2000    6.0000    0.1498   -0.2561    0.0000
        9.2000    6.8000    0.0744   -0.1258    0.0000
        9.2000    7.6000    0.0005   -0.0006    0.0000
       10.0000    0.4000    0.4739   -0.6183    0.0000
       10.0000    1.2000    0.4750   -0.6832    0.0000
       10.0000    2.0000    0.4502   -0.7342    0.0000
       10.0000    2.8000    0.3965   -0.7330    0.0000
       10.0000    3.6000    0.3256   -0.6707    0.0000
       10.0000    4.4000    0.2517   -0.5584    0.0000
       10.0000    5.2000    0.1826   -0.4183    0.0000
       10.0000    6.0000    0.1190   -0.2725    0.0000
       10.0000    6.8000    0.0588   -0.1330    0.0000
       10.0000    7.6000    0.0000   -0.0004    0.0000
       10.8000    0.4000    0.4592   -0.6586    0.0000
       10.8000    1.2000    0.4505   -0.7247    0.0000
       10.8000    2.0000    0.4074   -0.7681    0.0000
       10.8000    2.8000    0.3384   -0.7519    0.0000
       10.8000    3.6000    0.2622   -0.6724    0.0000
       10.8000    4.4000    0.1931   -0.5470    0.0000
       10.8000    5.2000    0.1353   -0.4016    0.0000
       10.8000    6.0000    0.0862   -0.2576    0.0000
       10.8000    6.8000    0.0422   -0.1244    0.0000
       10.8000    7.6000    0.0000   -0.0000    0.0000
       11.6000    0.4000    0.4654   -0.7061    0.0000
       11.6000    1.2000    0.4429   -0.7571    0.0000
       11.6000    2.0000    0.3835   -0.7771    0.0000
       11.6000    2.8000    0.3020   -0.7354    0.0000
       11.6000    3.6000    0.2202   -0.6352    0.0000
       11.6000    4.4000    0.1519   -0.4994    0.0000
       11.6000    5.2000    0.0997   -0.3554    0.0000
       11.6000    6.0000    0.0601   -0.2222    0.0000
       11.6000    6.8000    0.0283   -0.1054    0.0000
       11.6000    7.6000    0.0000   -0.0000    0.0000
       12.4000    0.4000    0.4705   -0.7325    0.0000
       12.4000    1.2000    0.4454   -0.7696    0.0000
       12.4000    2.0000    0.3803   -0.7683    0.0000
       12.4000    2.8000    0.2912   -0.7026    0.0000
       12.4000    3.6000    0.2026   -0.5831    0.0000
       12.4000    4.4000    0.1300   -0.4389    0.0000
       12.4000    5.2000    0.0775   -0.2987    0.0000
       12.4000    6.0000    0.0420   -0.1792    0.0000
       12.4000    6.8000    0.0181   -0.0824    0.0000
       12.4000    7.6000    0.0000   -0.0000    0.0000
       13.2000    0.4000    0.4732   -0.7311    0.0000
       13.2000    1.2000    0.4543   -0.7670    0.0000
       13.2000    2.0000    0.3879   -0.7532    0.0000
       13.2000    2.8000    0.2922   -0.6690    0.0000
       13.2000    3.6000    0.1957   -0.5331    0.0000
       13.2000    4.4000    0.1172   -0.3812    0.0000
       13.2000    5.2000    0.0625   -0.2444    0.0000
       13.2000    6.0000    0.0289   -0.1377    0.0000
       13.2000    6.8000    0.0105   -0.0600    0.0000
       13.2000    7.6000    0.0000   -0.0000    0.0000
       14.0000    0.4000    0.4753   -0.7296    0.0000
       14.0000    1.2000    0.4565   -0.7559    0.0000
       14.0000    2.0000    0.3860   -0.7309    0.0000
       14.0000    2.8000    0.2843   -0.6325    0.0000
       14.0000    3.6000    0.1833   -0.4848    0.0000
       14.0000    4.4000    0.1032   -0.3283    0.0000
       14.0000    5.2000    0.0494   -0.1958    0.0000
       14.0000    6.0000    0.0188   -0.1010    0.0000
       14.0000    6.8000    0.0050   -0.0404    0.0000
       14.0000    7.6000    0.0000   -0.0000    0.0000
       14.8000    0.4000    0.4812   -0.6961    0.0000
       14.8000    1.2000    0.4534   -0.7226    0.0000
       14.8000    2.0000    0.3710   -0.6886    0.0000
       14.8000    2.8000    0.2633   -0.5802    0.0000
       14.8000    3.6000    0.1632   -0.4279    0.0000
       14.8000    4.4000    0.0873   -0.2742    0.0000
       14.8000    5.2000    0.0384   -0.1510    0.0000
       14.8000    6.0000    0.0121   -0.0695    0.0000
       14.8000    6.8000    0.0018   -0.0243    0.0000
       14.8000    7.6000    0.0000    0.0000    0.0000
       15.6000    0.4000    0.4890   -0.6715    0.0000
       15.6000    1.2000    0.4457   -0.6834    0.0000
       15.6000    2.0000    0.3528   -0.6315    0.0000
       15.6000    2.8000    0.2434   -0.5129    0.0000
       15.6000    3.6000    0.1476   -0.3619    0.0000
       15.6000    4.4000    0.0777   -0.2184    0.0000
       15.6000    5.2000    0.0335   -0.1096    0.0000
       15.6000    6.0000    0.0100   -0.0430    0.0000
       15.6000    6.8000    0.0012   -0.0116    0.0000
       15.6000    7.6000    0.0000   -0.0000    0.0000
       16.4000    0.4000    0.5037   -0.6390    0.0000
       16.4000    1.2000    0.4532   -0.6425    0.0000
       16.4000    2.0000    0.3540   -0.5792    0.0000
       16.4000    2.8000    0.2423   -0.4542    0.0000
       16.4000    3.6000    0.1466   -0.3057    0.0000
       16.4000    4.4000    0.0775   -0.1726    0.0000
       16.4000    5.2000    0.0339   -0.0774    0.0000
       16.4000    6.0000    0.0108   -0.0239    0.0000
       16.4000    6.8000    0.0017   -0.0033    0.0000
       16.4000    7.6000    0.0000   -0.0000    0.0000
       17.2000    0.4000    0.5196   -0.6284    0.0000
       17.2000    1.2000    0.4709   -0.6258    0.0000
       17.2000    2.0000    0.3688   -0.5537    0.0000
       17.2000    2.8000    0.2523   -0.4214    0.0000
       17.2000    3.6000    0.1523   -0.2718    0.0000
       17.2000    4.4000    0.0805   -0.1444    0.0000
       17.2000    5.2000    0.0358   -0.0581    0.0000
       17.2000    6.0000    0.0121   -0.0136    0.0000
       17.2000    6.8000    0.0025   -0.0000    0.0000
       17.2000    7.6000    0.0000   -0.0000    0.0000
       18.0000    0.4000    0.5165   -0.6327    0.0000
       18.0000    1.2000    0.4663   -0.6263    0.0000
       18.0000    2.0000    0.3597   -0.5428    0.0000
       18.0000    2.8000    0.2420   -0.4010    0.0000
       18.0000    3.6000    0.1441   -0.2492    0.0000
       18.0000    4.4000    0.0755   -0.1260    0.0000
       18.0000    5.2000    0.0337   -0.0469    0.0000
       18.0000    6.0000    0.0118   -0.0092    0.0000
       18.0000    6.8000    0.0028   -0.0000    0.0000
       18.0000    7.6000    0.0000   -0.0000    0.0000
       18.8000    0.4000    0.4711   -0.6221    0.0000
       18.8000    1.2000    0.4075   -0.6028    0.0000
       18.8000    2.0000    0.2993   -0.5036    0.0000
       18.8000    2.8000    0.1935   -0.3574    0.0000
       18.8000    3.6000    0.1124   -0.2129    0.0000
       18.8000    4.4000    0.0582   -0.1023    0.0000
       18.8000    5.2000    0.0260   -0.0352    0.0000
       18.8000    6.0000    0.0094   -0.0057    0.0000
       18.8000    6.8000    0.0025   -0.0000    0.0000
       18.8000    7.6000    0.0000   -0.0000    0.0000
       19.6000    0.4000    0.3944   -0.5620    0.0000
       19.6000    1.2000    0.3198   -0.5133    0.0000
       19.6000    2.0000    0.2187   -0.4017    0.0000
       19.6000    2.8000    0.1331   -0.2670    0.0000
       19.6000    3.6000    0.0739   -0.1487    0.0000
       19.6000    4.4000    0.0372   -0.0658    0.0000
       19.6000    5.2000    0.0163   -0.0197    0.0000
       19.6000    6.0000    0.0060   -0.0020    0.0000
       19.6000    6.8000    0.0017   -0.0000    0.0000
       19.6000    7.6000    0.0000   -0.0000    0.0000
       20.4000    0.4000    0.2795   -0.3930    0.0000
       20.4000    1.2000    0.2254   -0.3537    0.0000
       20.4000    2.0000    0.1518   -0.2593    0.0000
       20.4000    2.8000    0.0909   -0.1560    0.0000
       20.4000    3.6000    0.0496   -0.0764    0.0000
       20.4000    4.4000    0.0247   -0.0282    0.0000
       20.4000    5.2000    0.0111   -0.0059    0.0000
       20.4000    6.0000    0.0045   -0.0000    0.0000
       20.4000    6.8000    0.0016   -0.0000    0.0000
       20.4000    7.6000    0.0000   -0.0000    0.0000
       21.2000    0.4000    0.1947   -0.2248    0.0000
       21.2000    1.2000    0.1619   -0.2061    0.0000
       21.2000    2.0000    0.1138   -0.1382    0.0000
       21.2000    2.8000    0.0715   -0.0688    0.0000
       21.2000    3.6000    0.0412   -0.0243    0.0000
       21.2000    4.4000    0.0222   -0.0050    0.0000
       21.2000    5.2000    0.0115   -0.0000    0.0000
       21.2000    6.0000    0.0059   -0.0000    0.0000
       21.2000    6.8000    0.0026   -0.0000    0.0000
       21.2000    7.6000    0.0000   -0.0000    0.0000
       22.0000    0.4000    0.1503   -0.1350    0.0000
       22.0000    1.2000    0.1275   -0.1200    0.0000
       22.0000    2.0000    0.0935   -0.0691    0.0000
       22.0000    2.8000    0.0631   -0.0235    0.0000
       22.0000    3.6000    0.0405   -0.0025    0.0000
       22.0000    4.4000    0.0253   -0.0000    0.0000
       22.0000    5.2000    0.0156   -0.0000    0.0000
       22.0000    6.0000    0.0093   -0.0000    0.0000
       22.0000    6.8000    0.0045   -0.0000    0.0000
       22.0000    7.6000    0.0000   -0.0000    0.0000
       22.8000    0.4000    0.1320   -0.0969    0.0000
       22.8000    1.2000    0.1085   -0.0792    0.0000
       22.8000    2.0000    0.0803   -0.0386    0.0000
       22.8000    2.8000    0.0575   -0.0080    0.0000
       22.8000    3.6000    0.0409   -0.0000    0.0000
       22.8000    4.4000    0.0290   -0.0000    0.0000
       22.8000    5.2000    0.0202   -0.0000    0.0000
       22.8000    6.0000    0.0131   -0.0000    0.0000
       22.8000    6.8000    0.0066   -0.0000    0.0000
       22.8000    7.6000    0.0001   -0.0000    0.0000
       23.6000    0.4000    0.1173   -0.0786    0.0000
       23.6000    1.2000    0.0924   -0.0574    0.0000
       23.6000    2.0000    0.0685   -0.0240    0.0000
       23.6000    2.8000    0.0514   -0.0029    0.0000
       23.6000    3.6000    0.0395   -0.0000    0.0000
       23.6000    4.4000    0.0304   -0.0000    0.0000
       23.6000    5.2000    0.0228   -0.0000    0.0000
       23.6000    6.0000    0.0156   -0.0000    0.0000
       23.6000    6.8000    0.0081   -0.0000    0.0000
       23.6000    7.6000    0.0002   -0.0000    0.0000
       24.4000    0.4000    0.0890   -0.0574    0.0000
       24.4000    1.2000    0.0717   -0.0396    0.0000
       24.4000    2.0000    0.0549   -0.0148    0.0000
       24.4000    2.8000    0.0432   -0.0009    0.0000
       24.4000    3.6000    0.0350   -0.0000    0.0000
       24.4000    4.4000    0.0285   -0.0000    0.0000
       24.4000    5.2000    0.0223   -0.0000    0.0000
       24.4000    6.0000    0.0157   -0.0000    0.0000
       24.4000    6.8000    0.0083   -0.0000    0.0000
       24.4000    7.6000    0.0002   -0.0000    0.0000
       25.2000    0.4000    0.0531   -0.0307    0.0000
       25.2000    1.2000    0.0450   -0.0214    0.0000
       25.2000    2.0000    0.0369   -0.0077    0.0000
       25.2000    2.8000    0.0311   -0.0002    0.0000
       25.2000    3.6000    0.0266   -0.0000    0.0000
       25.2000    4.4000    0.0225   -0.0000    0.0000
       25.2000    5.2000    0.0181   -0.0000    0.0000
       25.2000    6.0000    0.0130   -0.0000    0.0000
       25.2000    6.8000    0.0070   -0.0000    0.0000
       25.2000    7.6000    0.0002   -0.0000    0.0000
       26.0000    0.4000    0.0230   -0.0101    0.0000
       26.0000    1.2000    0.0210   -0.0074    0.0000
       26.0000    2.0000    0.0184   -0.0025    0.0000
       26.0000    2.8000    0.0163   -0.0000    0.0000
       26.0000    3.6000    0.0145   -0.0000    0.0000
       26.0000    4.4000    0.0127   -0.0000    0.0000
       26.0000    5.2000    0.0104   -0.0000    0.0000
       26.0000    6.0000    0.0076   -0.0000    0.0000
       26.0000    6.8000    0.0041   -0.0000    0.0000
       26.0000    7.6000    0.0002   -0.0000    0.0000
       26.8000    0.4000    0.0000   -0.0000    0.0000
       26.8000    1.2000    0.0000   -0.0000    0.0000
       26.8000    2.0000    0.0000   -0.0000    0.0000
       26.8000    2.8000    0.0002   -0.0000    0.0000
       26.8000    3.6000    0.0002   -0.0000    0.0000
       26.8000    4.4000    0.0003   -0.0000    0.0000
       26.8000    5.2000    0.0003   -0.0000    0.0000
       26.8000    6.0000    0.0003   -0.0000    0.0000
       26.8000    6.8000    0.0002   -0.0000    0.0000
       26.8000    7.6000    0.0001   -0.0000    0.0000
